0 0
0.0122718 0.0122715
0.0245437 0.0245412
0.0368155 0.0368072
0.0490874 0.0490677
0.0613592 0.0613207
0.0736311 0.0735646
0.0859029 0.0857973
0.0981748 0.0980171
0.110447 0.110222
0.122718 0.122411
0.13499 0.134581
0.147262 0.14673
0.159534 0.158858
0.171806 0.170962
0.184078 0.18304
0.19635 0.19509
0.208621 0.207111
0.220893 0.219101
0.233165 0.231058
0.245437 0.24298
0.257709 0.254866
0.269981 0.266713
0.282252 0.27852
0.294524 0.290285
0.306796 0.302006
0.319068 0.313682
0.33134 0.32531
0.343612 0.33689
0.355884 0.348419
0.368155 0.359895
0.380427 0.371317
0.392699 0.382683
0.404971 0.393992
0.417243 0.405241
0.429515 0.41643
0.441786 0.427555
0.454058 0.438616
0.46633 0.449611
0.478602 0.460539
0.490874 0.471397
0.503146 0.482184
0.515418 0.492898
0.527689 0.503538
0.539961 0.514103
0.552233 0.52459
0.564505 0.534998
0.576777 0.545325
0.589049 0.55557
0.60132 0.565732
0.613592 0.575808
0.625864 0.585798
0.638136 0.595699
0.650408 0.605511
0.66268 0.615232
0.674952 0.624859
0.687223 0.634393
0.699495 0.643832
0.711767 0.653173
0.724039 0.662416
0.736311 0.671559
0.748583 0.680601
0.760854 0.689541
0.773126 0.698376
0.785398 0.707107
0.79767 0.715731
0.809942 0.724247
0.822214 0.732654
0.834486 0.740951
0.846757 0.749136
0.859029 0.757209
0.871301 0.765167
0.883573 0.77301
0.895845 0.780737
0.908117 0.788346
0.920388 0.795837
0.93266 0.803208
0.944932 0.810457
0.957204 0.817585
0.969476 0.824589
0.981748 0.83147
0.99402 0.838225
1.00629 0.844854
1.01856 0.851355
1.03084 0.857729
1.04311 0.863973
1.05538 0.870087
1.06765 0.87607
1.07992 0.881921
1.09219 0.88764
1.10447 0.893224
1.11674 0.898674
1.12901 0.903989
1.14128 0.909168
1.15355 0.91421
1.16583 0.919114
1.1781 0.92388
1.19037 0.928506
1.20264 0.932993
1.21491 0.937339
1.22718 0.941544
1.23946 0.945607
1.25173 0.949528
1.264 0.953306
1.27627 0.95694
1.28854 0.960431
1.30082 0.963776
1.31309 0.966976
1.32536 0.970031
1.33763 0.97294
1.3499 0.975702
1.36217 0.978317
1.37445 0.980785
1.38672 0.983105
1.39899 0.985278
1.41126 0.987301
1.42353 0.989177
1.43581 0.990903
1.44808 0.99248
1.46035 0.993907
1.47262 0.995185
1.48489 0.996313
1.49717 0.99729
1.50944 0.998118
1.52171 0.998795
1.53398 0.999322
1.54625 0.999699
1.55852 0.999925
1.5708 1
1.58307 0.999925
1.59534 0.999699
1.60761 0.999322
1.61988 0.998795
1.63216 0.998118
1.64443 0.99729
1.6567 0.996313
1.66897 0.995185
1.68124 0.993907
1.69351 0.99248
1.70579 0.990903
1.71806 0.989177
1.73033 0.987301
1.7426 0.985278
1.75487 0.983105
1.76715 0.980785
1.77942 0.978317
1.79169 0.975702
1.80396 0.97294
1.81623 0.970031
1.82851 0.966976
1.84078 0.963776
1.85305 0.960431
1.86532 0.95694
1.87759 0.953306
1.88986 0.949528
1.90214 0.945607
1.91441 0.941544
1.92668 0.937339
1.93895 0.932993
1.95122 0.928506
1.9635 0.92388
1.97577 0.919114
1.98804 0.91421
2.00031 0.909168
2.01258 0.903989
2.02485 0.898674
2.03713 0.893224
2.0494 0.88764
2.06167 0.881921
2.07394 0.87607
2.08621 0.870087
2.09849 0.863973
2.11076 0.857729
2.12303 0.851355
2.1353 0.844854
2.14757 0.838225
2.15984 0.83147
2.17212 0.824589
2.18439 0.817585
2.19666 0.810457
2.20893 0.803208
2.2212 0.795837
2.23348 0.788346
2.24575 0.780737
2.25802 0.77301
2.27029 0.765167
2.28256 0.757209
2.29484 0.749136
2.30711 0.740951
2.31938 0.732654
2.33165 0.724247
2.34392 0.715731
2.35619 0.707107
2.36847 0.698376
2.38074 0.689541
2.39301 0.680601
2.40528 0.671559
2.41755 0.662416
2.42983 0.653173
2.4421 0.643832
2.45437 0.634393
2.46664 0.624859
2.47891 0.615232
2.49118 0.605511
2.50346 0.595699
2.51573 0.585798
2.528 0.575808
2.54027 0.565732
2.55254 0.55557
2.56482 0.545325
2.57709 0.534998
2.58936 0.52459
2.60163 0.514103
2.6139 0.503538
2.62618 0.492898
2.63845 0.482184
2.65072 0.471397
2.66299 0.460539
2.67526 0.449611
2.68753 0.438616
2.69981 0.427555
2.71208 0.41643
2.72435 0.405241
2.73662 0.393992
2.74889 0.382683
2.76117 0.371317
2.77344 0.359895
2.78571 0.348419
2.79798 0.33689
2.81025 0.32531
2.82252 0.313682
2.8348 0.302006
2.84707 0.290285
2.85934 0.27852
2.87161 0.266713
2.88388 0.254866
2.89616 0.24298
2.90843 0.231058
2.9207 0.219101
2.93297 0.207111
2.94524 0.19509
2.95751 0.18304
2.96979 0.170962
2.98206 0.158858
2.99433 0.14673
3.0066 0.134581
3.01887 0.122411
3.03115 0.110222
3.04342 0.0980171
3.05569 0.0857973
3.06796 0.0735646
3.08023 0.0613207
3.09251 0.0490677
3.10478 0.0368072
3.11705 0.0245412
3.12932 0.0122715
3.14159 1.22465e-16
3.15386 -0.0122715
3.16614 -0.0245412
3.17841 -0.0368072
3.19068 -0.0490677
3.20295 -0.0613207
3.21522 -0.0735646
3.2275 -0.0857973
3.23977 -0.0980171
3.25204 -0.110222
3.26431 -0.122411
3.27658 -0.134581
3.28885 -0.14673
3.30113 -0.158858
3.3134 -0.170962
3.32567 -0.18304
3.33794 -0.19509
3.35021 -0.207111
3.36249 -0.219101
3.37476 -0.231058
3.38703 -0.24298
3.3993 -0.254866
3.41157 -0.266713
3.42385 -0.27852
3.43612 -0.290285
3.44839 -0.302006
3.46066 -0.313682
3.47293 -0.32531
3.4852 -0.33689
3.49748 -0.348419
3.50975 -0.359895
3.52202 -0.371317
3.53429 -0.382683
3.54656 -0.393992
3.55884 -0.405241
3.57111 -0.41643
3.58338 -0.427555
3.59565 -0.438616
3.60792 -0.449611
3.62019 -0.460539
3.63247 -0.471397
3.64474 -0.482184
3.65701 -0.492898
3.66928 -0.503538
3.68155 -0.514103
3.69383 -0.52459
3.7061 -0.534998
3.71837 -0.545325
3.73064 -0.55557
3.74291 -0.565732
3.75518 -0.575808
3.76746 -0.585798
3.77973 -0.595699
3.792 -0.605511
3.80427 -0.615232
3.81654 -0.624859
3.82882 -0.634393
3.84109 -0.643832
3.85336 -0.653173
3.86563 -0.662416
3.8779 -0.671559
3.89018 -0.680601
3.90245 -0.689541
3.91472 -0.698376
3.92699 -0.707107
3.93926 -0.715731
3.95153 -0.724247
3.96381 -0.732654
3.97608 -0.740951
3.98835 -0.749136
4.00062 -0.757209
4.01289 -0.765167
4.02517 -0.77301
4.03744 -0.780737
4.04971 -0.788346
4.06198 -0.795837
4.07425 -0.803208
4.08652 -0.810457
4.0988 -0.817585
4.11107 -0.824589
4.12334 -0.83147
4.13561 -0.838225
4.14788 -0.844854
4.16016 -0.851355
4.17243 -0.857729
4.1847 -0.863973
4.19697 -0.870087
4.20924 -0.87607
4.22152 -0.881921
4.23379 -0.88764
4.24606 -0.893224
4.25833 -0.898674
4.2706 -0.903989
4.28287 -0.909168
4.29515 -0.91421
4.30742 -0.919114
4.31969 -0.92388
4.33196 -0.928506
4.34423 -0.932993
4.35651 -0.937339
4.36878 -0.941544
4.38105 -0.945607
4.39332 -0.949528
4.40559 -0.953306
4.41786 -0.95694
4.43014 -0.960431
4.44241 -0.963776
4.45468 -0.966976
4.46695 -0.970031
4.47922 -0.97294
4.4915 -0.975702
4.50377 -0.978317
4.51604 -0.980785
4.52831 -0.983105
4.54058 -0.985278
4.55285 -0.987301
4.56513 -0.989177
4.5774 -0.990903
4.58967 -0.99248
4.60194 -0.993907
4.61421 -0.995185
4.62649 -0.996313
4.63876 -0.99729
4.65103 -0.998118
4.6633 -0.998795
4.67557 -0.999322
4.68785 -0.999699
4.70012 -0.999925
4.71239 -1
4.72466 -0.999925
4.73693 -0.999699
4.7492 -0.999322
4.76148 -0.998795
4.77375 -0.998118
4.78602 -0.99729
4.79829 -0.996313
4.81056 -0.995185
4.82284 -0.993907
4.83511 -0.99248
4.84738 -0.990903
4.85965 -0.989177
4.87192 -0.987301
4.88419 -0.985278
4.89647 -0.983105
4.90874 -0.980785
4.92101 -0.978317
4.93328 -0.975702
4.94555 -0.97294
4.95783 -0.970031
4.9701 -0.966976
4.98237 -0.963776
4.99464 -0.960431
5.00691 -0.95694
5.01919 -0.953306
5.03146 -0.949528
5.04373 -0.945607
5.056 -0.941544
5.06827 -0.937339
5.08054 -0.932993
5.09282 -0.928506
5.10509 -0.92388
5.11736 -0.919114
5.12963 -0.91421
5.1419 -0.909168
5.15418 -0.903989
5.16645 -0.898674
5.17872 -0.893224
5.19099 -0.88764
5.20326 -0.881921
5.21553 -0.87607
5.22781 -0.870087
5.24008 -0.863973
5.25235 -0.857729
5.26462 -0.851355
5.27689 -0.844854
5.28917 -0.838225
5.30144 -0.83147
5.31371 -0.824589
5.32598 -0.817585
5.33825 -0.810457
5.35052 -0.803208
5.3628 -0.795837
5.37507 -0.788346
5.38734 -0.780737
5.39961 -0.77301
5.41188 -0.765167
5.42416 -0.757209
5.43643 -0.749136
5.4487 -0.740951
5.46097 -0.732654
5.47324 -0.724247
5.48552 -0.715731
5.49779 -0.707107
5.51006 -0.698376
5.52233 -0.689541
5.5346 -0.680601
5.54687 -0.671559
5.55915 -0.662416
5.57142 -0.653173
5.58369 -0.643832
5.59596 -0.634393
5.60823 -0.624859
5.62051 -0.615232
5.63278 -0.605511
5.64505 -0.595699
5.65732 -0.585798
5.66959 -0.575808
5.68186 -0.565732
5.69414 -0.55557
5.70641 -0.545325
5.71868 -0.534998
5.73095 -0.52459
5.74322 -0.514103
5.7555 -0.503538
5.76777 -0.492898
5.78004 -0.482184
5.79231 -0.471397
5.80458 -0.460539
5.81686 -0.449611
5.82913 -0.438616
5.8414 -0.427555
5.85367 -0.41643
5.86594 -0.405241
5.87821 -0.393992
5.89049 -0.382683
5.90276 -0.371317
5.91503 -0.359895
5.9273 -0.348419
5.93957 -0.33689
5.95185 -0.32531
5.96412 -0.313682
5.97639 -0.302006
5.98866 -0.290285
6.00093 -0.27852
6.0132 -0.266713
6.02548 -0.254866
6.03775 -0.24298
6.05002 -0.231058
6.06229 -0.219101
6.07456 -0.207111
6.08684 -0.19509
6.09911 -0.18304
6.11138 -0.170962
6.12365 -0.158858
6.13592 -0.14673
6.14819 -0.134581
6.16047 -0.122411
6.17274 -0.110222
6.18501 -0.0980171
6.19728 -0.0857973
6.20955 -0.0735646
6.22183 -0.0613207
6.2341 -0.0490677
6.24637 -0.0368072
6.25864 -0.0245412
6.27091 -0.0122715
6.28319 -2.44929e-16
6.29546 0.0122715
6.30773 0.0245412
6.32 0.0368072
6.33227 0.0490677
6.34454 0.0613207
6.35682 0.0735646
6.36909 0.0857973
6.38136 0.0980171
6.39363 0.110222
6.4059 0.122411
6.41818 0.134581
6.43045 0.14673
6.44272 0.158858
6.45499 0.170962
6.46726 0.18304
6.47953 0.19509
6.49181 0.207111
6.50408 0.219101
6.51635 0.231058
6.52862 0.24298
6.54089 0.254866
6.55317 0.266713
6.56544 0.27852
6.57771 0.290285
6.58998 0.302006
6.60225 0.313682
6.61453 0.32531
6.6268 0.33689
6.63907 0.348419
6.65134 0.359895
6.66361 0.371317
6.67588 0.382683
6.68816 0.393992
6.70043 0.405241
6.7127 0.41643
6.72497 0.427555
6.73724 0.438616
6.74952 0.449611
6.76179 0.460539
6.77406 0.471397
6.78633 0.482184
6.7986 0.492898
6.81087 0.503538
6.82315 0.514103
6.83542 0.52459
6.84769 0.534998
6.85996 0.545325
6.87223 0.55557
6.88451 0.565732
6.89678 0.575808
6.90905 0.585798
6.92132 0.595699
6.93359 0.605511
6.94587 0.615232
6.95814 0.624859
6.97041 0.634393
6.98268 0.643832
6.99495 0.653173
7.00722 0.662416
7.0195 0.671559
7.03177 0.680601
7.04404 0.689541
7.05631 0.698376
7.06858 0.707107
7.08086 0.715731
7.09313 0.724247
7.1054 0.732654
7.11767 0.740951
7.12994 0.749136
7.14221 0.757209
7.15449 0.765167
7.16676 0.77301
7.17903 0.780737
7.1913 0.788346
7.20357 0.795837
7.21585 0.803208
7.22812 0.810457
7.24039 0.817585
7.25266 0.824589
7.26493 0.83147
7.2772 0.838225
7.28948 0.844854
7.30175 0.851355
7.31402 0.857729
7.32629 0.863973
7.33856 0.870087
7.35084 0.87607
7.36311 0.881921
7.37538 0.88764
7.38765 0.893224
7.39992 0.898674
7.4122 0.903989
7.42447 0.909168
7.43674 0.91421
7.44901 0.919114
7.46128 0.92388
7.47355 0.928506
7.48583 0.932993
7.4981 0.937339
7.51037 0.941544
7.52264 0.945607
7.53491 0.949528
7.54719 0.953306
7.55946 0.95694
7.57173 0.960431
7.584 0.963776
7.59627 0.966976
7.60854 0.970031
7.62082 0.97294
7.63309 0.975702
7.64536 0.978317
7.65763 0.980785
7.6699 0.983105
7.68218 0.985278
7.69445 0.987301
7.70672 0.989177
7.71899 0.990903
7.73126 0.99248
7.74354 0.993907
7.75581 0.995185
7.76808 0.996313
7.78035 0.99729
7.79262 0.998118
7.80489 0.998795
7.81717 0.999322
7.82944 0.999699
7.84171 0.999925
7.85398 1
7.86625 0.999925
7.87853 0.999699
7.8908 0.999322
7.90307 0.998795
7.91534 0.998118
7.92761 0.99729
7.93988 0.996313
7.95216 0.995185
7.96443 0.993907
7.9767 0.99248
7.98897 0.990903
8.00124 0.989177
8.01352 0.987301
8.02579 0.985278
8.03806 0.983105
8.05033 0.980785
8.0626 0.978317
8.07487 0.975702
8.08715 0.97294
8.09942 0.970031
8.11169 0.966976
8.12396 0.963776
8.13623 0.960431
8.14851 0.95694
8.16078 0.953306
8.17305 0.949528
8.18532 0.945607
8.19759 0.941544
8.20987 0.937339
8.22214 0.932993
8.23441 0.928506
8.24668 0.92388
8.25895 0.919114
8.27122 0.91421
8.2835 0.909168
8.29577 0.903989
8.30804 0.898674
8.32031 0.893224
8.33258 0.88764
8.34486 0.881921
8.35713 0.87607
8.3694 0.870087
8.38167 0.863973
8.39394 0.857729
8.40621 0.851355
8.41849 0.844854
8.43076 0.838225
8.44303 0.83147
8.4553 0.824589
8.46757 0.817585
8.47985 0.810457
8.49212 0.803208
8.50439 0.795837
8.51666 0.788346
8.52893 0.780737
8.54121 0.77301
8.55348 0.765167
8.56575 0.757209
8.57802 0.749136
8.59029 0.740951
8.60256 0.732654
8.61484 0.724247
8.62711 0.715731
8.63938 0.707107
8.65165 0.698376
8.66392 0.689541
8.6762 0.680601
8.68847 0.671559
8.70074 0.662416
8.71301 0.653173
8.72528 0.643832
8.73755 0.634393
8.74983 0.624859
8.7621 0.615232
8.77437 0.605511
8.78664 0.595699
8.79891 0.585798
8.81119 0.575808
8.82346 0.565732
8.83573 0.55557
8.848 0.545325
8.86027 0.534998
8.87254 0.52459
8.88482 0.514103
8.89709 0.503538
8.90936 0.492898
8.92163 0.482184
8.9339 0.471397
8.94618 0.460539
8.95845 0.449611
8.97072 0.438616
8.98299 0.427555
8.99526 0.41643
9.00754 0.405241
9.01981 0.393992
9.03208 0.382683
9.04435 0.371317
9.05662 0.359895
9.06889 0.348419
9.08117 0.33689
9.09344 0.32531
9.10571 0.313682
9.11798 0.302006
9.13025 0.290285
9.14253 0.27852
9.1548 0.266713
9.16707 0.254866
9.17934 0.24298
9.19161 0.231058
9.20388 0.219101
9.21616 0.207111
9.22843 0.19509
9.2407 0.18304
9.25297 0.170962
9.26524 0.158858
9.27752 0.14673
9.28979 0.134581
9.30206 0.122411
9.31433 0.110222
9.3266 0.0980171
9.33888 0.0857973
9.35115 0.0735646
9.36342 0.0613207
9.37569 0.0490677
9.38796 0.0368072
9.40023 0.0245412
9.41251 0.0122715
9.42478 3.67394e-16
9.43705 -0.0122715
9.44932 -0.0245412
9.46159 -0.0368072
9.47387 -0.0490677
9.48614 -0.0613207
9.49841 -0.0735646
9.51068 -0.0857973
9.52295 -0.0980171
9.53522 -0.110222
9.5475 -0.122411
9.55977 -0.134581
9.57204 -0.14673
9.58431 -0.158858
9.59658 -0.170962
9.60886 -0.18304
9.62113 -0.19509
9.6334 -0.207111
9.64567 -0.219101
9.65794 -0.231058
9.67021 -0.24298
9.68249 -0.254866
9.69476 -0.266713
9.70703 -0.27852
9.7193 -0.290285
9.73157 -0.302006
9.74385 -0.313682
9.75612 -0.32531
9.76839 -0.33689
9.78066 -0.348419
9.79293 -0.359895
9.80521 -0.371317
9.81748 -0.382683
9.82975 -0.393992
9.84202 -0.405241
9.85429 -0.41643
9.86656 -0.427555
9.87884 -0.438616
9.89111 -0.449611
9.90338 -0.460539
9.91565 -0.471397
9.92792 -0.482184
9.9402 -0.492898
9.95247 -0.503538
9.96474 -0.514103
9.97701 -0.52459
9.98928 -0.534998
10.0016 -0.545325
10.0138 -0.55557
10.0261 -0.565732
10.0384 -0.575808
10.0506 -0.585798
10.0629 -0.595699
10.0752 -0.605511
10.0875 -0.615232
10.0997 -0.624859
10.112 -0.634393
10.1243 -0.643832
10.1365 -0.653173
10.1488 -0.662416
10.1611 -0.671559
10.1734 -0.680601
10.1856 -0.689541
10.1979 -0.698376
10.2102 -0.707107
10.2224 -0.715731
10.2347 -0.724247
10.247 -0.732654
10.2593 -0.740951
10.2715 -0.749136
10.2838 -0.757209
10.2961 -0.765167
10.3084 -0.77301
10.3206 -0.780737
10.3329 -0.788346
10.3452 -0.795837
10.3574 -0.803208
10.3697 -0.810457
10.382 -0.817585
10.3943 -0.824589
10.4065 -0.83147
10.4188 -0.838225
10.4311 -0.844854
10.4433 -0.851355
10.4556 -0.857729
10.4679 -0.863973
10.4802 -0.870087
10.4924 -0.87607
10.5047 -0.881921
10.517 -0.88764
10.5292 -0.893224
10.5415 -0.898674
10.5538 -0.903989
10.5661 -0.909168
10.5783 -0.91421
10.5906 -0.919114
10.6029 -0.92388
10.6151 -0.928506
10.6274 -0.932993
10.6397 -0.937339
10.652 -0.941544
10.6642 -0.945607
10.6765 -0.949528
10.6888 -0.953306
10.701 -0.95694
10.7133 -0.960431
10.7256 -0.963776
10.7379 -0.966976
10.7501 -0.970031
10.7624 -0.97294
10.7747 -0.975702
10.787 -0.978317
10.7992 -0.980785
10.8115 -0.983105
10.8238 -0.985278
10.836 -0.987301
10.8483 -0.989177
10.8606 -0.990903
10.8729 -0.99248
10.8851 -0.993907
10.8974 -0.995185
10.9097 -0.996313
10.9219 -0.99729
10.9342 -0.998118
10.9465 -0.998795
10.9588 -0.999322
10.971 -0.999699
10.9833 -0.999925
10.9956 -1
11.0078 -0.999925
11.0201 -0.999699
11.0324 -0.999322
11.0447 -0.998795
11.0569 -0.998118
11.0692 -0.99729
11.0815 -0.996313
11.0937 -0.995185
11.106 -0.993907
11.1183 -0.99248
11.1306 -0.990903
11.1428 -0.989177
11.1551 -0.987301
11.1674 -0.985278
11.1797 -0.983105
11.1919 -0.980785
11.2042 -0.978317
11.2165 -0.975702
11.2287 -0.97294
11.241 -0.970031
11.2533 -0.966976
11.2656 -0.963776
11.2778 -0.960431
11.2901 -0.95694
11.3024 -0.953306
11.3146 -0.949528
11.3269 -0.945607
11.3392 -0.941544
11.3515 -0.937339
11.3637 -0.932993
11.376 -0.928506
11.3883 -0.92388
11.4005 -0.919114
11.4128 -0.91421
11.4251 -0.909168
11.4374 -0.903989
11.4496 -0.898674
11.4619 -0.893224
11.4742 -0.88764
11.4864 -0.881921
11.4987 -0.87607
11.511 -0.870087
11.5233 -0.863973
11.5355 -0.857729
11.5478 -0.851355
11.5601 -0.844854
11.5724 -0.838225
11.5846 -0.83147
11.5969 -0.824589
11.6092 -0.817585
11.6214 -0.810457
11.6337 -0.803208
11.646 -0.795837
11.6583 -0.788346
11.6705 -0.780737
11.6828 -0.77301
11.6951 -0.765167
11.7073 -0.757209
11.7196 -0.749136
11.7319 -0.740951
11.7442 -0.732654
11.7564 -0.724247
11.7687 -0.715731
11.781 -0.707107
11.7932 -0.698376
11.8055 -0.689541
11.8178 -0.680601
11.8301 -0.671559
11.8423 -0.662416
11.8546 -0.653173
11.8669 -0.643832
11.8791 -0.634393
11.8914 -0.624859
11.9037 -0.615232
11.916 -0.605511
11.9282 -0.595699
11.9405 -0.585798
11.9528 -0.575808
11.9651 -0.565732
11.9773 -0.55557
11.9896 -0.545325
12.0019 -0.534998
12.0141 -0.52459
12.0264 -0.514103
12.0387 -0.503538
12.051 -0.492898
12.0632 -0.482184
12.0755 -0.471397
12.0878 -0.460539
12.1 -0.449611
12.1123 -0.438616
12.1246 -0.427555
12.1369 -0.41643
12.1491 -0.405241
12.1614 -0.393992
12.1737 -0.382683
12.1859 -0.371317
12.1982 -0.359895
12.2105 -0.348419
12.2228 -0.33689
12.235 -0.32531
12.2473 -0.313682
12.2596 -0.302006
12.2718 -0.290285
12.2841 -0.27852
12.2964 -0.266713
12.3087 -0.254866
12.3209 -0.24298
12.3332 -0.231058
12.3455 -0.219101
12.3577 -0.207111
12.37 -0.19509
12.3823 -0.18304
12.3946 -0.170962
12.4068 -0.158858
12.4191 -0.14673
12.4314 -0.134581
12.4437 -0.122411
12.4559 -0.110222
12.4682 -0.0980171
12.4805 -0.0857973
12.4927 -0.0735646
12.505 -0.0613207
12.5173 -0.0490677
12.5296 -0.0368072
12.5418 -0.0245412
12.5541 -0.0122715
